1   4.04   4.00   6.63 1
2   2.72  -2.26  -2.94 2
3  -6.79  -1.31  -5.49 3
4  -7.61  -1.69  -1.94 3
5  -2.38   1.41  -0.02 2
6   4.36   5.70   5.36 1
7   5.16   7.03   6.72 1
8   0.10  -5.95  -0.07 2
9   0.92   3.44   1.06 2
10  -5.70  -4.50  -3.34 3
11  -5.69  -5.14  -2.51 3
12  -7.90  -1.98  -0.51 3
13   3.27  -2.26  -1.52 2
14  -5.52  -7.36  -7.49 3
15   5.61   3.59   5.18 1
16   2.39  -2.27   0.71 2
17   1.07   2.11   0.40 2
18   4.27   3.92   7.00 1
19   6.22   4.71   5.22 1
20  -2.53  -0.16 -10.03 3
21   5.23   3.66   4.07 1
22  -4.64  -3.46  -1.29 3
23   2.64  -1.57  -0.10 2
24   4.67   4.97   6.72 1
25  -5.26  -7.26  -4.80 3
26   3.21  -1.25   0.82 2
27   4.93   3.97   3.82 1
28   6.79   6.93   5.84 1
29   3.92  -0.43  -0.65 2
30  -1.86   1.95   0.08 2
31  -1.77  -5.29  -4.99 3
32   3.69   5.40  -0.29 2
33  -3.34   0.30  -5.74 3
34   4.06   6.09   3.95 1
35  -9.15  -6.08  -2.69 3
36   2.10   1.14   1.36 2
37   2.94   6.16   4.25 1
38   1.35  -0.15  -1.29 2
39   5.17   4.65   7.24 1
40  -2.46   2.68   4.64 2
41   4.90   3.83   3.40 1
42  -2.02   0.14   3.27 3
43  -4.53  -4.21  -3.97 3
44   6.33   3.82   5.76 1
45  -5.68  -6.31  -5.85 3
